ДњТы	
002879	
300708	
600130	
000670	
300038	
002451	
601313	
002768	
000673	
300572	
002434	
600435	
000697	
000158	
300712	
603711	
300056	
300380	
300682	
600446	
002183	
002481	
002806	
000969	
600503	
300654	
300065	
603638	
600988	
300604	
002555	
002856	
600206	
300701	
000982	
300424	
002893	
002397	
300148	
000587	
300597	
600283	
002669	
600573	
300639	
300008	
000890	
600749	
002895	
600319	
600151	
002350	
300359	
601106	
603089	
002765	
002246	
603939	
002785	
300224	
002269	
300377	
603533	
002436	
600116	
300347	
002371	
601718	
000586	
300308	
300237	
000032	
600698	
002248	
600973	
300019	
002798	
002634	
002112	
002652	
002469	
002626	
002333	
300570	
603626	
600118	
002769	
002409	
600593	
600825	
300046	
300051	
002711	
002796	
300565	
300161	
000985	
300270	
603258	
603055	
300323	
603515	
000881	
300108	
000922	
600489	
300386	
600864	
002897	
000768	
002753	
002076	
300401	
600736	
300336	
002848	
002896	
002843	
002624	
000626	
600208	
002478	
002828	
600416	
300242	
300015	
300025	
000639	
600610	
300329	
300676	
000736	
